-31.90605725325969
1.2752399793586389
1.2118824697793185
0.08104139303848479
-0.0778638123405449
0.2234188279543323
0.2969404711997883
0.3151923213887015
0.35736498043985615
0.2651189248095499
0.1908135677457379
0.18487853677415708
0.15020907030773
0.14918513692990465
0.17069461496520896
0.16493541828771752
0.1345682848139011
0.15466474898504062
0.13009484609617075
0.11785793126522193
0.10833527102247055
0.09103797644663929
0.0855218000611105
0.5795533566269996
0.5516991728752623
0.5215147227199778
0.42282131671486917
0.3219274664300018
0.26290052112254614
0.226845575167905
0.17563549896464836
0.17996381125667799
0.18712504907292
0.1718859500682893
0.15375995890774996
0.12949994486402144
0.12764457310776658
0.11220002865642405
0.08971659138437275
0.08622913337466138
0.07493245461210196
0.9423319829452219
0.7906883675612582
23.550035594090794
