0.39291984026563215
0.3785691039320199
0.39488399025024656
0.39283351681482565
0.33300157002455477
0.29433019465085924
0.27221731556975576
0.26058451098275554
0.25312951305786263
0.269969190815739
0.2656914433256052
0.2766280576213767
0.26942857855395214
0.2383726490045508
0.25456384283659306
0.2547446811659579
0.2139153699023158
0.15528943446274351
0.12779952993587837
1.0661089605441645
0.7917161503970332
0.5977307975805725
0.5630338642532777
0.46276906777038035
0.40254187957002874
0.3522111790456421
0.30340147656756494
0.2825649673417643
0.29745324771693427
0.2832821911416483
0.28829563772294986
0.2443023120022416
0.22558351378234412
0.26400848874739324
0.22079281151578384
0.19575049331691075
0.1522679273818815
0.13872512680630122
