-1.5949482125325762	-1.6556809949897564	-1.2141090369351666	-1.978188512318237	-1.457327257699439	-1.8863977104695469	-1.353791826669085	-0.561212051138511	-0.6476264227395954	-1.454743439279473
-0.3870034094627055	-0.4989472115800617	-0.6109717715202753	-0.38210410154269614	-0.4810728134543134	-0.5093918900029388	-0.620770387360294	-0.5755460065602077	-0.6148077681059969	-0.47395266540572834
-0.6257155202329159	-0.16532407514750957	-0.7729699872434139	1.1903639100492	-0.18727065436542034	1.0371360797435045	-0.10430727526545525	-0.23881856724619865	-0.6651397179812193	-0.44678010419011116
1.4480145683405345	0.3246880842906441	-0.31222471633111615	-0.021490072285120232	1.4983598268445772	0.9727030038763205	0.7125243428397732	0.6942779600108597	1.5107029681700184	0.9930624788343176
0.6914391871541739	3.032280541025102	1.665342127904296	1.6083233375102282	0.5645219599828124	3.3421254148706794	2.185661507770419	2.958623630926013	1.7430325215682387	0.8056601081043482
1.5558631153285507	1.8872011634077452	1.3913845952828507	1.0114815430081776	1.0097808230168963	1.609341310609954	1.1141294429264041	1.594261593353926	1.9101797801788356	1.4453541096728462
3.2406864780932665	4.128457880578935	2.1801183838397264	2.1753073390573263	4.553968063555658	4.249268560670316	2.5660710874944925	1.90321602858603	4.303793734870851	1.7572810035198927
-0.18687918782234192	-0.419517382979393	-0.38701727986335754	0.12521114945411682	-0.19972287118434906	-0.23206661641597748	-0.08412972092628479	-0.11915388703346252	-0.39021144807338715	0.04211810231208801
2.0235403606854376	3.4458479281235483	1.8961546800099311	4.625437119621783	1.728795107351616	3.655061216177419	2.1018294769339265	3.3597630736045536	2.212683769362047	4.102182743791491
0.2862142287194729	0.27529757283627987	0.6285971365869045	0.5121375657618046	0.6303003635257483	0.748726075515151	0.8467016331851482	0.5836959592998028	0.5375716593116522	0.585570652037859
1.8613978351658864	1.292914980624027	2.1633578755395866	1.6556465304819046	1.6465692670399639	1.0463416324384374	0.734381217086328	1.1167545290812857	2.761688003093928	1.4640496026904397
-0.9914913826586165	-0.7270988447748135	-0.4574793572892446	-0.24907272454361884	-1.0796541977305982	-0.7798478774531816	-0.7979503863950761	-0.6099720153958001	-0.6250534433752064	-0.42726854766436095
