-0.8184116425449091	-1.9643637166934127	-1.7537602026472607	-1.3849038770202484	-1.3769792293993557	-1.387245250180967	-1.6915637258651017	-1.679256507969018	-0.9746832922205457	-1.753219885764018
-0.50919883486654	-0.4158388372786692	-0.1945674892838356	-0.3511187516145885	-0.37894329238040586	-0.23561633101802226	-0.5087911492875538	-0.4639202552503702	-0.39848671982306333	-0.47574313704097393
-1.7531342804431915	1.4033782184123993	-0.4275834262371063	-1.0712907016277313	-0.15140953660011292	-1.8269971758127213	-0.4808066189289093	-0.6736883074045181	1.328677162528038	-0.5814906507730484
1.2336683615931663	0.8006698051588582	-0.20612934425910004	0.7198055162782268	0.5293998264858133	-0.32025649957225966	1.292572699819313	-0.27065284632918857	1.4773592257677848	0.614979045948143
0.6545415744185448	1.449723742902279	0.9825747981667519	1.1933063045144081	2.0695707127451897	-0.3648515082895756	0.9558217748999596	0.7678303383290768	1.1736531220376492	-0.48174164071679115
1.2619016722099143	0.19636624359151567	1.277928018087508	1.0561580427002641	1.545178164208464	0.7892327549416915	0.5913940122500438	0.04075908800974326	0.490363061548726	-0.0753236334820171
3.4309476613998413	3.6824554204940796	3.3517390489578247	3.7698298692703247	1.1363476514816284	2.069498598575592	2.1799415349960327	3.3760324120521545	0.754798948764801	0.25015026330947876
-0.34439706057310104	-0.11038928478956223	-0.4151232913136482	-0.3512576296925545	0.0834529772400856	-0.22673830017447472	0.21492642909288406	-0.2985871694982052	0.4111698903143406	0.13699660077691078
0.7385019000247122	3.8029436307027944	4.2383589125797165	4.494898181073369	0.7976261845603587	1.5803966380842032	4.00336493421346	2.4462166692502803	3.044474260229618	0.8849347149021924
0.3768932893872261	0.9528824761509895	0.1055227741599083	-0.014357902109622955	0.7772760167717934	0.5882649309933186	0.9865989163517952	0.3934588320553303	0.9830282516777515	0.7915001399815083
1.881699675560026	1.9887555068880918	1.4254818656188704	0.9529595756191305	1.371646318255619	1.6110606881724792	1.1076983203260766	0.764458251922945	0.6075660853214689	1.6541291260630806
-2.9750977000127747	-0.7755983882358137	-0.9107774765179091	-1.0983430407467236	-0.6898750639593634	-1.1295734398688069	-0.6759541822392561	-0.40275687848214936	-0.2510925355315061	-0.35146941951333277
