-0.491388162593948	-1.656590327296667	-1.6285347423883536	-2.0432798571606123	-1.7512630031787628	-1.1800035402584237	-0.7059238480417744	-0.3328442614950533	-1.675572616660164	-1.0988214222258572
-0.5411546403943532	-0.36351379825907043	0.032734899842535525	0.24761848182421853	0.028518740614641103	-0.09986330787474251	-0.14603025142018577	-0.6344722979717486	0.1661060700849274	-0.6198562793150482
-1.3289794921875	-1.0828857421875	1.021728515625	-0.50244140625	0.641357421875	-0.3397216796875	-1.253662109375	-1.0887451171875	1.20947265625	0.7218017578125
1.2745629017904418	0.8242602340519244	1.2496836793978892	0.8482388511090005	-0.5943057449913407	-0.5851871159696357	0.4373376667976031	-0.4311836036030627	0.04219707585705401	-0.14839352826327357
3.55035400390625	1.32965087890625	0.5465087890625	0.830322265625	1.3309326171875	3.25885009765625	0.9537353515625	3.37164306640625	2.739013671875	2.13824462890625
1.93282792870771	1.8653693810614	1.6164754479747026	0.04216159227894423	0.2712395769945384	1.5629302257804438	-0.4679936742962747	1.4628667134384172	1.3992027090972123	-2.245104788853752
2.31475830078125	4.76593017578125	2.4578857421875	3.985595703125	1.2725830078125	1.64825439453125	3.4002685546875	-3.88153076171875	-1.348876953125	1.89483642578125
-0.09991455078125	-0.68780517578125	0.3060302734375	-0.196533203125	0.2266845703125	0.16229248046875	-0.3336181640625	0.77606201171875	0.430908203125	0.16766357421875
4.941371154785156	2.197845764160156	4.959492797851563	2.258302001953125	1.5160760498046875	1.5704409790039062	4.289448852539063	3.7645303344726564	1.913533935546875	2.441498107910156
0.56964111328125	0.73956298828125	0.4083251953125	0.677978515625	0.8592529296875	0.77032470703125	0.5909423828125	0.85186767578125	0.771240234375	0.69659423828125
-0.414072102228999	2.4930819206908708	2.340767043328317	0.42675555410574806	1.4253017198159106	0.8981098715610413	-0.04583709568582628	0.27579158474640997	2.1099869261123265	-0.5977955906663142
-0.7286575704891279	-1.8010931269394268	-0.4152315342388146	-0.5151400353703872	-0.6824973136371988	-1.2733064458561822	-0.22974739711690756	-0.725285131632366	-0.7866213633397239	-2.4351116320106727
